EUR = 6.3
USD = 5.5
AUD = 3.5

total <- 1000 * (8000 + 10000 + 180 + 72 + 40 + 90 + 8/EUR + 150/AUD + 150 + 15 + 8.5/EUR + 20)

total / EUR
total / USD
total / AUD
